69
130
1000
85
190
905
90
225
855
29
99
320
32
100
295
18
300
395
35
185
20
380
69
650
60
300
120
295
70
200
600
90
195
620
75
400
99
199
55
120
75
550
54
86
186
54
295
300
125
8
333
42
320
196
766
280
320
190
1550
124
200
540
195
565
480
195
705
1300
40
64
155
455
550
200
1050
3000
300
950
360
785
60
600
150
392
852
900
1200
300
300
40
1325
1
1
405
2100
324
756
65
600
104
666
25
1200
65
450
498
502
655
10
95
1150
1200
346
350
800
80
250
150
390
345
800
545
560
406
300
445
550
884
100
2350
2200
40
65
290
245
250
365
75
350
115
405
590
4600
554
526
600
33
165
2100
1220
40
64
158
1005
79
190
795
95
250
888
60
325
212
408
108
356
85
335
750
120
225
20
30
10
15
32
20
150
78
133
615
58
85
285
380
339
5
10
30
115
18
85
380
85
750
265
270
21
795
10
50
285
415
72
1258
140
648
4000
78
487
39
1180
205
540
280
88
1258
350
550
65
558
50
120
285
160
2200
505
108
350
1520
335
1200
325
712
580
210
480
60
235
214
755
468
1780
1980
1870
720
1520
2020
2160
1990
50
50
216
522
25
195
520
76
280
819
136
370
175
325
36
100
284
115
316
26
325
550
40
280
596
23
198
95
280
66
202
484
17
36
45
392
240
465
1305
55
120
12
163
405
840
864
2538
20
970
110
326
110
115
600
1200
3600
112
315
152
402
42
42
177
177
20
103
800
208
888
1300
3980
240
2200
804
306
715
50
150
153
820
513
774
12
206
403
525
1680
1540
19
236
115
328
215
1080
238
604
125
682
74
1620
8
220
23
125
150
306
1000
10
470
140
168
2565
395
876
1506
525
270
226
234
87
421
1105
1026
952
2025
5500
2300
1750
2050
400
600
3520
9500
2065
11
608
102
970
3100
62
220
550
52
230
845
20
155
249
200
315
22
255
95
305
420
12
145
315
1025
570
1495
34
65
233
55
385
39
295
335
33
93
63
299
203
12
150
55
333
44
273
39
438
6
192
380
605
1870
150
130
244
19
1080
205
560
950
1050
202
540
495
3000
120
615
230
444
270
70
240
650
505
1355
340
1800
1400
2828
1286
1386
680
380
515
255
259
425
2910
340
520
3400
1066
266
3
3
3
3
6830
3360
4300
4200
7500
856
31
14
505
21
3200
40
81
160
630
99
555
1500
59
245
946
116
270
41
147
610
101
375
105
305
110
280
135
290
233
605
21
150
290
298
795
180
1020
2600
21
105
85
404
310
125
400
870
45
170
620
555
510
25
73
205
53
585
2005
6
66
66
163
180
152
334
963
375
929
280
145
2000
118
300
140
15
765
165
810
95
320
310
1073
125
811
58
75
58
180
440
10
80
201
55
242
57
410
575
195
925
50
59
330
10
105
330
1350
316
6
143
188
1100
210
510
810
3
220
805
90
345
31
130
343
180
360
1055
85
2600
1480
77
253
110
200
355
1390
920
3300
102
700
946
105
410
90
395
580
330
173
500
1600
288
460
2500
2600
2000
630
610
3300
3450
680
3250
485
65
825
90
290
900
94
145
390
70
109
400
50
424
17
160
245
25
84
170
135
815
1
9
100
310
910
80
1360
280
35
85
20
45
530
5
155
35
50
35
470
310
960
73
815
83
353
60
210
260
2700
252
2250
235
215
22
57
28
175
1505
30
70
710
50
125
995
5050
80
850
2150
2030
3050
88
90
1950
15
160
366
43
250
830
75
175
440
12
148
260
60
142
44
105
450
70
1800
34
2
5
92
250
3
80
145
1100
9200
40
820
15
185
15
115
48
222
68
1350
32
82
214
3
760
828
120
1080
700
2500
12
1205
1005
400
199
2120
33
7
190
1850
2100
297
470
782
205
186
455
212
1
9999
2300
1200
555
3336
250
1000
9999
1
8880
2300
805
222
18
1500
8200
130
